2245
1722
2433
7835
3296
3821
5928
5091
6323
5428
5717
3061
2307
889
3045
8776
3789
4024
655
6991
5754
6809
3724
5339
9159
6798
1398
6716
808
8143
1764
9353
1285
5834
1553
5728
6089
5643
1935
9042
8167
2555
710
1790
1068
1825
7492
778
7396
7806
2005
3066
5182
7537
4612
1273
602
5622
995
4182
8939
5141
6190
4279
3756
9962
1495
6249
7564
196
4343
616
209
6910
6303
9893
4894
7635
6593
4898
8460
5882
2945
8726
44
9865
4894
6260
6678
7175
985
3763
9631
109
6401
9858
967
443
4198
9611
8131
8537
2257
1748
2038
9227
723
9661
2146
4375
7829
2464
3009
3215
823
261
8860
333
6307
6996
7590
562
6412
1177
1544
640
2730
8178
7109
528
2581
889
8590
2471
2908
8194
4755
4503
2777
8189
5808
1744
4008
3721
7984
9034
4671
8268
3788
9344
4289
1688
2987
9356
1353
6090
3137
8415
5537
9950
8763
9088
8773
7283
8534
3061
8184
1117
6868
5244
6116
3263
1181
9075
8987
3009
2576
2758
8723
6795
5955
3911
3437
7563
6494
4033
8899
6251
3995
3420
4252
9413
2129
9266
3580
3993
7212
1648
9156
2150
236
5509
280
6825
992
3837
2446
7369
9640
7414
3919
1691
8362
415
3806
8619
8138
7649
8546
6997
1575
1638
3764
440
7274
3802
6150
6765
4181
5151
5704
9244
550
5983
5267
492
3647
5197
2990
7787
6419
7694
3734
8473
3602
4780
7829
660
5063
1608
1890
426
7940
2817
5880
2289
5149
8646
1024
4819
4228
648
3880
3862
7022
8687
1240
6226
5154
7399
2463
9322
7121
9870
9897
2514
1696
2530
1829
434
5820
2146
5777
5123
6116
5713
7221
1049
565
6150
4669
4292
4459
1901
1323
1382
9050
5068
4902
3506
5776
4497
851
972
8090
7195
41
2384
3774
2012
9717
7188
329
1753
8493
1538
2266
2552
9980
7422
6200
8979
6052
5806
1877
4401
2573
293
9561
8508
5686
1197
5475
1682
5960
3631
3319
4590
8087
5667
4371
7990
8977
592
4069
3397
5151
3014
7061
4113
5634
8531
437
8904
7720
9632
3352
1801
5577
8916
5661
6365
946
4633
577
1974
9852
4846
9503
1902
2275
6629
3146
8890
9211
2440
7516
8258
2428
9753
967
9921
5335
6965
4807
7790
5781
6688
9959
6690
5780
693
3147
2476
3453
413
7726
223
4334
8471
5963
8787
6120
685
7493
4606
3475
5977
3005
2239
4268
6027
1455
4931
3205
5811
1235
83
2419
4829
7337
4210
9034
3637
1609
4167
1698
741
9214
8076
8436
1103
4799
9990
1457
7901
939
6713
7624
4437
4808
5247
4229
8864
8276
127
1446
7496
7256
6930
2574
344
9691
4298
3466
7556
5423
1242
6840
3493
252
3720
5398
4387
8639
4359
4208
9011
1255
460
6658
5008
6907
5386
6126
6950
4644
5047
7308
757
6655
3024
4238
4325
8069
5440
4164
9719
2617
5278
8015
6694
879
6627
1184
6004
9230
6487
692
1633
94
5713
9500
8145
4428
7923
9883
439
9349
2786
7208
8280
45
2105
9079
4665
6803
7165
9710
7608
2012
8665
2856
5219
2471
3051
6940
5410
3610
8742
7221
3214
8178
407
4179
8728
6421
5599
4722
5252
4398
1033
7659
6683
9210
9066
7987
5045
366
8158
5880
2796
8219
3233
1555
597
6492
6160
434
7177
5633
913
4221
539
6382
2256
3492
3501
4249
712
4703
3341
2544
7256
6232
4886
4535
4726
1852
1313
619
9576
9924
9456
5871
5456
6285
7209
3587
6007
4312
9273
6542
5171
892
7062
7204
4604
4856
8665
6150
6636
9231
3095
8122
3597
3867
5982
602
3180
1140
16
1077
545
2696
4228
1193
2474
8369
8091
6283
3647
5553
781
9812
4234
3018
9200
9484
4251
2622
4490
4098
7299
390
472
258
9535
9698
3235
4764
2241
7507
1591
1617
9100
1848
8103
956
9964
4850
5523
7002
811
5014
4213
9112
1746
9595
4276
2342
5985
3173
7285
1748
4828
2920
8673
1891
116
2430
1566
6823
2226
4537
1810
5727
4585
3913
5510
2474
72
8551
6187
7337
7254
9102
8296
7416
9713
6043
4556
3484
5803
5540
1550
8912
4922
6702
7868
1100
5685
6699
679
443
6358
6025
2579
7726
268
7288
3088
3512
4222
967
7284
3906
8142
9699
1689
1073
7552
1852
4311
3855
9585
2553
8537
6658
9001
9468
624
7509
6531
4912
239
3245
3278
4179
5383
3044
340
6829
3113
6200
7725
4526
6499
3658
4533
1065
7959
1874
2289
7974
8522
4112
2609
3051
3193
2571
3003
8026
8507
3327
2580
2931
1900
881
3571
8173
4209
4917
8713
143
8152
8748
4275
4992
3826
388
2280
7037
3107
6376
2169
3156
5892
729
3664
2820
2220
1578
7049
1941
2234
8608
1909
5244
2430
1315
6291
4500
5276
6746
9586
4269
9288
4447
1507
5491
7707
636
4847
2655
9169
2449
5141
9923
6563
19
6931
2716
6772
2678
5374
1260
5202
7370
7123
9440
1393
9429
6604
7947
4670
6619
3065
2547
9274
5172
3434
4274
7679
5969
7800
6635
1726
418
6446
4375
3667
488
783
5386
9076
9870
508
4905
9277
362
2475
5550
8958
8597
1746
4052
3156
2332
9111
5451
8704
7745
9373
3769
8371
554
1830
4998
1283
6180
1369
3143
6265
1342
998
6584
2472
4948
5375
469
1912
9914
6625
2441
4199
19
2356
5479
1341
6833
6132
9453
6979
870
1293
7452
1872
2614
5418
1664
8399
2867
4310
9043
1787
7316
1629
8585
3585
6665
2301
8776
9814
3308
6868
6452
9015
5443
3899
1055
7797
7190
1128
1116
4231
4607
4109
418
9527
5090
5402
3562
4941
7427
8304
4684
3724
3658
3017
1861
483
3537
8505
5266
491
5058
4286
7001
4259
2117
984
5365
6169
5779
3751
5541
5152
884
8656
460
4606
6929
1178
176
5951
5131
677
2429
4492
4719
9669
2638
9912
9730
2383
2693
7345
2895
8899
6662
2910
2865
6417
6458
7348
5760
3690
3306
9954
